4.500000000000000000e+02
4.580000000000000000e+02
4.560000000000000000e+02
4.510000000000000000e+02
4.500000000000000000e+02
4.500000000000000000e+02
4.530000000000000000e+02
4.550000000000000000e+02
4.500000000000000000e+02
4.500000000000000000e+02
4.570000000000000000e+02
4.500000000000000000e+02
4.500000000000000000e+02
4.520000000000000000e+02
4.550000000000000000e+02
4.580000000000000000e+02
4.560000000000000000e+02
4.510000000000000000e+02
4.520000000000000000e+02
4.530000000000000000e+02
4.500000000000000000e+02
4.500000000000000000e+02
4.510000000000000000e+02
4.600000000000000000e+02
4.500000000000000000e+02
4.500000000000000000e+02
4.510000000000000000e+02
4.530000000000000000e+02
4.560000000000000000e+02
4.540000000000000000e+02
4.560000000000000000e+02
4.530000000000000000e+02
4.650000000000000000e+02
4.530000000000000000e+02
4.520000000000000000e+02
4.500000000000000000e+02
4.960000000000000000e+02
4.570000000000000000e+02
4.760000000000000000e+02
4.920000000000000000e+02
4.640000000000000000e+02
4.680000000000000000e+02
4.650000000000000000e+02
4.760000000000000000e+02
4.780000000000000000e+02
4.730000000000000000e+02
4.680000000000000000e+02
4.670000000000000000e+02
4.500000000000000000e+02
4.570000000000000000e+02
4.730000000000000000e+02
4.510000000000000000e+02
4.550000000000000000e+02
4.530000000000000000e+02
4.510000000000000000e+02
4.500000000000000000e+02
4.510000000000000000e+02
4.510000000000000000e+02
4.630000000000000000e+02
4.520000000000000000e+02
4.510000000000000000e+02
4.560000000000000000e+02
4.500000000000000000e+02
4.510000000000000000e+02
4.540000000000000000e+02
4.510000000000000000e+02
4.590000000000000000e+02
4.570000000000000000e+02
4.570000000000000000e+02
4.640000000000000000e+02
4.560000000000000000e+02
4.570000000000000000e+02
4.550000000000000000e+02
4.620000000000000000e+02
4.550000000000000000e+02
4.530000000000000000e+02
4.520000000000000000e+02
4.510000000000000000e+02
4.520000000000000000e+02
4.540000000000000000e+02
4.520000000000000000e+02
4.520000000000000000e+02
4.630000000000000000e+02
4.560000000000000000e+02
4.500000000000000000e+02
4.510000000000000000e+02
4.580000000000000000e+02
4.560000000000000000e+02
4.530000000000000000e+02
4.500000000000000000e+02
4.510000000000000000e+02
4.560000000000000000e+02
4.510000000000000000e+02
4.520000000000000000e+02
4.530000000000000000e+02
4.580000000000000000e+02
4.540000000000000000e+02
4.730000000000000000e+02
4.810000000000000000e+02
4.640000000000000000e+02
4.530000000000000000e+02
4.560000000000000000e+02
4.610000000000000000e+02
4.610000000000000000e+02
4.710000000000000000e+02
4.680000000000000000e+02
4.730000000000000000e+02
4.690000000000000000e+02
4.740000000000000000e+02
4.590000000000000000e+02
4.640000000000000000e+02
4.640000000000000000e+02
4.720000000000000000e+02
4.710000000000000000e+02
4.510000000000000000e+02
4.500000000000000000e+02
4.600000000000000000e+02
4.640000000000000000e+02
4.660000000000000000e+02
4.560000000000000000e+02
4.500000000000000000e+02
4.540000000000000000e+02
4.530000000000000000e+02
4.520000000000000000e+02
4.520000000000000000e+02
4.520000000000000000e+02
4.540000000000000000e+02
4.520000000000000000e+02
4.500000000000000000e+02
4.530000000000000000e+02
4.620000000000000000e+02
4.500000000000000000e+02
4.580000000000000000e+02
4.540000000000000000e+02
4.610000000000000000e+02
4.550000000000000000e+02
4.530000000000000000e+02
4.540000000000000000e+02
4.550000000000000000e+02
4.510000000000000000e+02
4.500000000000000000e+02
4.550000000000000000e+02
4.560000000000000000e+02
4.530000000000000000e+02
6.390000000000000000e+02
6.490000000000000000e+02
6.500000000000000000e+02
6.500000000000000000e+02
6.490000000000000000e+02
6.470000000000000000e+02
6.470000000000000000e+02
6.460000000000000000e+02
6.480000000000000000e+02
6.460000000000000000e+02
6.400000000000000000e+02
6.490000000000000000e+02
6.330000000000000000e+02
6.340000000000000000e+02
6.500000000000000000e+02
6.460000000000000000e+02
6.130000000000000000e+02
6.450000000000000000e+02
6.280000000000000000e+02
6.500000000000000000e+02
6.380000000000000000e+02
6.320000000000000000e+02
6.220000000000000000e+02
6.330000000000000000e+02
6.420000000000000000e+02
6.500000000000000000e+02
6.500000000000000000e+02
6.500000000000000000e+02
6.460000000000000000e+02
6.500000000000000000e+02
6.500000000000000000e+02
6.500000000000000000e+02
6.500000000000000000e+02
6.470000000000000000e+02
6.400000000000000000e+02
6.500000000000000000e+02
6.500000000000000000e+02
6.270000000000000000e+02
6.500000000000000000e+02
6.500000000000000000e+02
6.440000000000000000e+02
6.470000000000000000e+02
6.410000000000000000e+02
6.500000000000000000e+02
6.390000000000000000e+02
6.280000000000000000e+02
6.330000000000000000e+02
6.480000000000000000e+02
6.500000000000000000e+02
6.490000000000000000e+02
6.500000000000000000e+02
6.500000000000000000e+02
6.350000000000000000e+02
6.500000000000000000e+02
6.370000000000000000e+02
6.420000000000000000e+02
6.490000000000000000e+02
6.470000000000000000e+02
6.500000000000000000e+02
6.280000000000000000e+02
6.460000000000000000e+02
6.460000000000000000e+02
6.500000000000000000e+02
6.500000000000000000e+02
6.480000000000000000e+02
6.470000000000000000e+02
6.390000000000000000e+02
6.480000000000000000e+02
6.430000000000000000e+02
6.480000000000000000e+02
6.320000000000000000e+02
6.320000000000000000e+02
6.470000000000000000e+02
6.500000000000000000e+02
6.360000000000000000e+02
6.470000000000000000e+02
6.490000000000000000e+02
6.480000000000000000e+02
6.480000000000000000e+02
6.500000000000000000e+02
6.480000000000000000e+02
6.460000000000000000e+02
6.450000000000000000e+02
6.440000000000000000e+02
6.500000000000000000e+02
6.460000000000000000e+02
6.500000000000000000e+02
6.490000000000000000e+02
6.220000000000000000e+02
6.400000000000000000e+02
6.460000000000000000e+02
6.470000000000000000e+02
6.330000000000000000e+02
6.440000000000000000e+02
6.300000000000000000e+02
6.340000000000000000e+02
6.200000000000000000e+02
6.190000000000000000e+02
6.460000000000000000e+02
6.460000000000000000e+02
6.140000000000000000e+02
6.250000000000000000e+02
6.300000000000000000e+02
6.450000000000000000e+02
6.290000000000000000e+02
6.260000000000000000e+02
6.150000000000000000e+02
6.490000000000000000e+02
6.500000000000000000e+02
6.500000000000000000e+02
6.450000000000000000e+02
6.490000000000000000e+02
6.490000000000000000e+02
6.490000000000000000e+02
6.480000000000000000e+02
6.490000000000000000e+02
6.500000000000000000e+02
6.500000000000000000e+02
6.430000000000000000e+02
6.430000000000000000e+02
6.500000000000000000e+02
6.490000000000000000e+02
6.490000000000000000e+02
6.490000000000000000e+02
6.490000000000000000e+02
6.500000000000000000e+02
6.490000000000000000e+02
6.500000000000000000e+02
6.490000000000000000e+02
6.490000000000000000e+02
6.480000000000000000e+02
6.450000000000000000e+02
6.470000000000000000e+02
6.490000000000000000e+02
6.500000000000000000e+02
6.500000000000000000e+02
6.500000000000000000e+02
6.310000000000000000e+02
6.500000000000000000e+02
6.390000000000000000e+02
6.480000000000000000e+02
6.490000000000000000e+02
6.480000000000000000e+02
6.470000000000000000e+02
